[
  [
    0,
    345,
    4644.749,
    [
      8,
      13,
      14,
      9,
      6,
      10,
      2,
      5,
      4,
      7,
      12,
      1,
      3,
      11,
      0
    ]
  ],
  [
    0,
    420,
    4699.162,
    [
      3,
      1,
      12,
      7,
      14,
      13,
      8,
      9,
      6,
      10,
      2,
      4,
      5,
      0,
      11
    ]
  ],
  [
    0,
    450,
    4653.923,
    [
      3,
      1,
      7,
      12,
      4,
      2,
      6,
      10,
      5,
      9,
      14,
      13,
      8,
      0,
      11
    ]
  ],
  [
    0,
    450,
    4780.783,
    [
      2,
      6,
      9,
      14,
      13,
      8,
      0,
      5,
      12,
      7,
      1,
      11,
      3,
      4,
      10
    ]
  ],
  [
    0,
    495,
    4633.531,
    [
      11,
      5,
      0,
      8,
      13,
      14,
      9,
      6,
      2,
      10,
      4,
      12,
      7,
      1,
      3
    ]
  ],
  [
    1,
    120,
    4949.777,
    [
      11,
      9,
      3,
      12,
      13,
      0,
      14,
      4,
      8,
      2,
      6,
      7,
      10,
      1,
      5
    ]
  ],
  [
    1,
    210,
    4896.73,
    [
      2,
      6,
      14,
      13,
      0,
      12,
      3,
      9,
      4,
      8,
      11,
      5,
      1,
      10,
      7
    ]
  ],
  [
    1,
    420,
    4954.015,
    [
      4,
      11,
      5,
      1,
      10,
      7,
      2,
      6,
      14,
      8,
      13,
      0,
      12,
      3,
      9
    ]
  ],
  [
    1,
    435,
    4852.09,
    [
      1,
      10,
      7,
      6,
      2,
      14,
      0,
      13,
      12,
      3,
      9,
      8,
      4,
      11,
      5
    ]
  ],
  [
    1,
    435,
    4896.776,
    [
      3,
      4,
      8,
      12,
      13,
      0,
      14,
      6,
      2,
      7,
      1,
      10,
      5,
      11,
      9
    ]
  ],
  [
    2,
    30,
    5003.891,
    [
      2,
      6,
      4,
      5,
      14,
      9,
      8,
      11,
      10,
      12,
      3,
      7,
      13,
      0,
      1
    ]
  ],
  [
    2,
    345,
    4882.746,
    [
      9,
      8,
      5,
      4,
      14,
      11,
      10,
      12,
      7,
      3,
      13,
      0,
      1,
      6,
      2
    ]
  ],
  [
    2,
    480,
    4830.559,
    [
      7,
      3,
      11,
      10,
      13,
      0,
      1,
      6,
      2,
      5,
      4,
      9,
      8,
      14,
      12
    ]
  ],
  [
    2,
    480,
    4887.634,
    [
      13,
      0,
      1,
      14,
      10,
      12,
      7,
      3,
      11,
      8,
      9,
      5,
      4,
      2,
      6
    ]
  ],
  [
    2,
    480,
    4921.58,
    [
      5,
      4,
      1,
      13,
      0,
      12,
      10,
      7,
      3,
      11,
      14,
      8,
      9,
      2,
      6
    ]
  ],
  [
    3,
    240,
    4454.235,
    [
      13,
      4,
      5,
      1,
      6,
      12,
      0,
      8,
      3,
      11,
      2,
      9,
      10,
      14,
      7
    ]
  ],
  [
    3,
    450,
    4414.701,
    [
      1,
      5,
      4,
      13,
      14,
      10,
      9,
      3,
      2,
      11,
      8,
      0,
      12,
      6,
      7
    ]
  ],
  [
    3,
    480,
    4383.087,
    [
      12,
      0,
      8,
      11,
      2,
      3,
      9,
      10,
      14,
      6,
      7,
      13,
      5,
      4,
      1
    ]
  ],
  [
    3,
    480,
    4496.035,
    [
      5,
      4,
      6,
      12,
      0,
      8,
      3,
      11,
      2,
      9,
      10,
      14,
      7,
      1,
      13
    ]
  ],
  [
    3,
    495,
    4455.856,
    [
      7,
      14,
      10,
      9,
      3,
      11,
      2,
      0,
      8,
      12,
      1,
      4,
      5,
      13,
      6
    ]
  ],
  [
    4,
    345,
    4466.988,
    [
      14,
      11,
      13,
      0,
      9,
      5,
      2,
      8,
      6,
      1,
      12,
      7,
      4,
      10,
      3
    ]
  ],
  [
    4,
    420,
    4478.834,
    [
      2,
      8,
      5,
      6,
      1,
      12,
      0,
      14,
      10,
      3,
      4,
      7,
      11,
      13,
      9
    ]
  ],
  [
    4,
    450,
    4528.469,
    [
      10,
      3,
      4,
      14,
      13,
      0,
      9,
      2,
      8,
      5,
      6,
      1,
      12,
      7,
      11
    ]
  ],
  [
    4,
    465,
    4620.465,
    [
      2,
      5,
      8,
      9,
      7,
      4,
      3,
      10,
      14,
      0,
      13,
      11,
      12,
      1,
      6
    ]
  ],
  [
    4,
    480,
    4523.997,
    [
      5,
      8,
      6,
      1,
      12,
      0,
      11,
      14,
      10,
      4,
      3,
      7,
      13,
      9,
      2
    ]
  ],
  [
    5,
    75,
    4975.02,
    [
      1,
      12,
      0,
      8,
      13,
      11,
      6,
      7,
      10,
      4,
      5,
      14,
      9,
      2,
      3
    ]
  ],
  [
    5,
    300,
    5126.265,
    [
      13,
      8,
      0,
      3,
      2,
      9,
      5,
      14,
      10,
      4,
      7,
      6,
      11,
      12,
      1
    ]
  ],
  [
    5,
    345,
    5050.307,
    [
      1,
      3,
      2,
      8,
      13,
      11,
      6,
      7,
      4,
      10,
      14,
      5,
      9,
      0,
      12
    ]
  ],
  [
    5,
    405,
    5238.352,
    [
      2,
      1,
      3,
      9,
      5,
      14,
      10,
      7,
      4,
      6,
      11,
      8,
      13,
      0,
      12
    ]
  ],
  [
    5,
    405,
    5243.726,
    [
      14,
      10,
      7,
      4,
      6,
      11,
      0,
      1,
      12,
      8,
      13,
      9,
      3,
      2,
      5
    ]
  ],
  [
    6,
    45,
    4778.22,
    [
      14,
      1,
      5,
      7,
      13,
      8,
      3,
      2,
      0,
      12,
      9,
      10,
      6,
      4,
      11
    ]
  ],
  [
    6,
    210,
    4795.671,
    [
      2,
      0,
      12,
      9,
      10,
      6,
      4,
      11,
      14,
      5,
      1,
      7,
      13,
      8,
      3
    ]
  ],
  [
    6,
    345,
    4767.448,
    [
      13,
      7,
      1,
      5,
      11,
      14,
      4,
      10,
      6,
      12,
      0,
      9,
      2,
      3,
      8
    ]
  ],
  [
    6,
    345,
    4833.65,
    [
      7,
      11,
      14,
      1,
      5,
      4,
      10,
      6,
      12,
      0,
      9,
      2,
      3,
      8,
      13
    ]
  ],
  [
    6,
    420,
    4721.263,
    [
      5,
      1,
      7,
      13,
      8,
      3,
      2,
      9,
      0,
      12,
      10,
      6,
      4,
      11,
      14
    ]
  ],
  [
    7,
    75,
    4738.441,
    [
      2,
      12,
      9,
      0,
      7,
      5,
      11,
      4,
      1,
      13,
      10,
      3,
      14,
      8,
      6
    ]
  ],
  [
    7,
    330,
    4603.168,
    [
      2,
      12,
      5,
      11,
      7,
      4,
      1,
      13,
      10,
      14,
      3,
      8,
      0,
      9,
      6
    ]
  ],
  [
    7,
    405,
    4737.947,
    [
      5,
      7,
      2,
      12,
      6,
      9,
      0,
      14,
      3,
      8,
      10,
      13,
      1,
      4,
      11
    ]
  ],
  [
    7,
    450,
    4799.949,
    [
      5,
      11,
      1,
      4,
      10,
      13,
      14,
      8,
      3,
      0,
      9,
      6,
      2,
      12,
      7
    ]
  ],
  [
    7,
    495,
    4721.968,
    [
      12,
      6,
      9,
      0,
      8,
      3,
      14,
      10,
      13,
      1,
      4,
      7,
      5,
      11,
      2
    ]
  ],
  [
    8,
    90,
    4960.411,
    [
      5,
      8,
      9,
      6,
      2,
      7,
      0,
      4,
      3,
      1,
      11,
      10,
      12,
      14,
      13
    ]
  ],
  [
    8,
    315,
    4959.312,
    [
      13,
      10,
      14,
      5,
      11,
      1,
      3,
      4,
      0,
      7,
      2,
      6,
      9,
      8,
      12
    ]
  ],
  [
    8,
    345,
    4938.166,
    [
      0,
      7,
      4,
      3,
      1,
      11,
      5,
      10,
      13,
      14,
      12,
      8,
      9,
      6,
      2
    ]
  ],
  [
    8,
    450,
    4808.423,
    [
      3,
      1,
      11,
      13,
      14,
      10,
      5,
      12,
      8,
      9,
      6,
      2,
      7,
      0,
      4
    ]
  ],
  [
    8,
    450,
    5020.142,
    [
      2,
      6,
      9,
      8,
      14,
      13,
      10,
      5,
      12,
      11,
      1,
      0,
      7,
      4,
      3
    ]
  ],
  [
    9,
    45,
    4942.547,
    [
      7,
      11,
      10,
      6,
      14,
      13,
      2,
      1,
      12,
      8,
      3,
      9,
      4,
      0,
      5
    ]
  ],
  [
    9,
    210,
    4776.19,
    [
      10,
      6,
      14,
      2,
      13,
      1,
      12,
      3,
      8,
      9,
      7,
      11,
      0,
      5,
      4
    ]
  ],
  [
    9,
    300,
    4833.683,
    [
      9,
      3,
      8,
      12,
      1,
      13,
      14,
      2,
      6,
      10,
      4,
      5,
      0,
      11,
      7
    ]
  ],
  [
    9,
    330,
    4855.722,
    [
      4,
      10,
      6,
      14,
      2,
      13,
      1,
      12,
      3,
      8,
      9,
      11,
      7,
      0,
      5
    ]
  ],
  [
    9,
    495,
    4831.056,
    [
      10,
      11,
      0,
      5,
      7,
      9,
      3,
      8,
      12,
      1,
      2,
      14,
      13,
      6,
      4
    ]
  ],
  [
    10,
    300,
    4563.45,
    [
      10,
      6,
      11,
      3,
      12,
      1,
      13,
      4,
      7,
      14,
      9,
      5,
      0,
      2,
      8
    ]
  ],
  [
    10,
    345,
    4525.124,
    [
      4,
      7,
      13,
      12,
      1,
      3,
      11,
      6,
      10,
      8,
      0,
      2,
      5,
      14,
      9
    ]
  ],
  [
    10,
    435,
    4558.962,
    [
      2,
      0,
      5,
      14,
      9,
      13,
      4,
      7,
      1,
      12,
      3,
      11,
      6,
      10,
      8
    ]
  ],
  [
    10,
    435,
    4583.703,
    [
      1,
      9,
      14,
      5,
      0,
      2,
      4,
      13,
      7,
      12,
      3,
      11,
      6,
      10,
      8
    ]
  ],
  [
    10,
    465,
    4630.723,
    [
      13,
      4,
      1,
      3,
      11,
      6,
      10,
      8,
      12,
      0,
      2,
      5,
      14,
      9,
      7
    ]
  ],
  [
    11,
    30,
    4646.345,
    [
      8,
      6,
      3,
      7,
      1,
      4,
      2,
      12,
      13,
      5,
      9,
      0,
      11,
      14,
      10
    ]
  ],
  [
    11,
    60,
    4654.295,
    [
      13,
      9,
      2,
      4,
      1,
      11,
      14,
      10,
      3,
      8,
      6,
      7,
      0,
      12,
      5
    ]
  ],
  [
    11,
    360,
    4622.512,
    [
      4,
      1,
      7,
      3,
      8,
      6,
      10,
      14,
      11,
      13,
      9,
      12,
      0,
      5,
      2
    ]
  ],
  [
    11,
    390,
    4561.312,
    [
      14,
      10,
      6,
      8,
      3,
      7,
      11,
      4,
      1,
      0,
      12,
      9,
      2,
      5,
      13
    ]
  ],
  [
    11,
    390,
    4661.94,
    [
      7,
      11,
      4,
      1,
      13,
      5,
      9,
      12,
      2,
      0,
      14,
      10,
      6,
      8,
      3
    ]
  ],
  [
    12,
    135,
    4816.4,
    [
      3,
      4,
      9,
      8,
      0,
      5,
      10,
      14,
      2,
      7,
      1,
      6,
      11,
      13,
      12
    ]
  ],
  [
    12,
    150,
    4851.146,
    [
      8,
      11,
      5,
      0,
      2,
      7,
      1,
      6,
      14,
      10,
      13,
      4,
      12,
      3,
      9
    ]
  ],
  [
    12,
    300,
    4828.053,
    [
      3,
      11,
      0,
      5,
      10,
      14,
      2,
      6,
      7,
      1,
      8,
      9,
      4,
      13,
      12
    ]
  ],
  [
    12,
    315,
    4773.241,
    [
      2,
      6,
      1,
      7,
      11,
      8,
      9,
      3,
      12,
      4,
      13,
      5,
      0,
      14,
      10
    ]
  ],
  [
    12,
    465,
    4743.903,
    [
      11,
      0,
      5,
      10,
      14,
      13,
      12,
      3,
      4,
      9,
      8,
      7,
      1,
      6,
      2
    ]
  ],
  [
    13,
    255,
    4783.11,
    [
      13,
      6,
      9,
      10,
      0,
      14,
      11,
      1,
      5,
      8,
      3,
      2,
      7,
      4,
      12
    ]
  ],
  [
    13,
    420,
    4786.785,
    [
      14,
      10,
      9,
      13,
      6,
      0,
      4,
      12,
      7,
      2,
      3,
      8,
      5,
      1,
      11
    ]
  ],
  [
    13,
    435,
    4738.134,
    [
      13,
      4,
      12,
      0,
      14,
      7,
      2,
      8,
      3,
      5,
      1,
      11,
      10,
      9,
      6
    ]
  ],
  [
    13,
    450,
    4830.005,
    [
      5,
      8,
      3,
      14,
      0,
      10,
      9,
      6,
      13,
      4,
      12,
      7,
      2,
      11,
      1
    ]
  ],
  [
    13,
    480,
    4834.721,
    [
      10,
      9,
      6,
      13,
      12,
      4,
      0,
      7,
      14,
      2,
      3,
      8,
      5,
      1,
      11
    ]
  ],
  [
    14,
    210,
    4651.454,
    [
      13,
      8,
      1,
      14,
      2,
      4,
      9,
      7,
      12,
      11,
      3,
      10,
      0,
      6,
      5
    ]
  ],
  [
    14,
    255,
    4736.065,
    [
      13,
      5,
      6,
      0,
      10,
      11,
      3,
      12,
      7,
      9,
      2,
      14,
      4,
      1,
      8
    ]
  ],
  [
    14,
    315,
    4623.376,
    [
      12,
      3,
      11,
      10,
      0,
      6,
      5,
      13,
      8,
      1,
      14,
      2,
      4,
      9,
      7
    ]
  ],
  [
    14,
    405,
    4771.406,
    [
      3,
      10,
      11,
      12,
      9,
      7,
      4,
      2,
      14,
      1,
      8,
      5,
      13,
      0,
      6
    ]
  ],
  [
    14,
    465,
    4622.687,
    [
      12,
      9,
      7,
      4,
      2,
      14,
      1,
      8,
      13,
      5,
      0,
      6,
      10,
      11,
      3
    ]
  ],
  [
    15,
    60,
    4521.821,
    [
      3,
      13,
      11,
      6,
      10,
      9,
      12,
      4,
      5,
      14,
      8,
      1,
      7,
      2,
      0
    ]
  ],
  [
    15,
    315,
    4477.878,
    [
      13,
      11,
      10,
      6,
      9,
      1,
      8,
      14,
      5,
      4,
      7,
      12,
      2,
      0,
      3
    ]
  ],
  [
    15,
    330,
    4488.467,
    [
      1,
      8,
      12,
      9,
      10,
      6,
      11,
      13,
      0,
      3,
      2,
      7,
      4,
      5,
      14
    ]
  ],
  [
    15,
    450,
    4507.943,
    [
      14,
      4,
      5,
      12,
      7,
      2,
      3,
      0,
      13,
      11,
      6,
      9,
      10,
      8,
      1
    ]
  ],
  [
    15,
    495,
    4441.037,
    [
      12,
      7,
      2,
      0,
      3,
      13,
      11,
      9,
      6,
      10,
      1,
      8,
      14,
      5,
      4
    ]
  ],
  [
    16,
    255,
    4786.504,
    [
      11,
      13,
      5,
      3,
      7,
      14,
      12,
      10,
      6,
      9,
      4,
      0,
      8,
      1,
      2
    ]
  ],
  [
    16,
    270,
    4877.305,
    [
      0,
      8,
      1,
      2,
      13,
      11,
      5,
      3,
      7,
      14,
      12,
      10,
      9,
      4,
      6
    ]
  ],
  [
    16,
    360,
    4832.555,
    [
      4,
      9,
      6,
      10,
      8,
      12,
      14,
      7,
      3,
      2,
      5,
      11,
      13,
      1,
      0
    ]
  ],
  [
    16,
    375,
    4799.047,
    [
      2,
      1,
      11,
      5,
      13,
      3,
      7,
      14,
      12,
      8,
      0,
      4,
      9,
      10,
      6
    ]
  ],
  [
    16,
    405,
    4939.854,
    [
      8,
      2,
      1,
      11,
      13,
      5,
      3,
      7,
      0,
      4,
      9,
      6,
      10,
      12,
      14
    ]
  ],
  [
    17,
    300,
    4810.33,
    [
      2,
      6,
      14,
      1,
      7,
      9,
      10,
      3,
      11,
      4,
      8,
      5,
      0,
      13,
      12
    ]
  ],
  [
    17,
    390,
    4869.104,
    [
      9,
      7,
      1,
      0,
      12,
      2,
      14,
      6,
      13,
      5,
      8,
      4,
      3,
      11,
      10
    ]
  ],
  [
    17,
    420,
    4915.02,
    [
      2,
      6,
      14,
      1,
      7,
      9,
      10,
      0,
      5,
      8,
      4,
      11,
      3,
      13,
      12
    ]
  ],
  [
    17,
    450,
    4948.644,
    [
      2,
      14,
      6,
      7,
      9,
      10,
      11,
      3,
      4,
      8,
      5,
      13,
      12,
      0,
      1
    ]
  ],
  [
    17,
    465,
    4954.249,
    [
      9,
      7,
      2,
      14,
      6,
      1,
      12,
      13,
      5,
      0,
      8,
      4,
      3,
      11,
      10
    ]
  ],
  [
    18,
    330,
    4619.132,
    [
      6,
      2,
      7,
      13,
      0,
      12,
      11,
      14,
      1,
      4,
      10,
      8,
      9,
      5,
      3
    ]
  ],
  [
    18,
    360,
    4416.925,
    [
      6,
      3,
      5,
      9,
      0,
      12,
      13,
      7,
      2,
      11,
      14,
      1,
      4,
      10,
      8
    ]
  ],
  [
    18,
    420,
    4460.382,
    [
      4,
      10,
      8,
      6,
      3,
      5,
      9,
      0,
      13,
      7,
      12,
      2,
      11,
      14,
      1
    ]
  ],
  [
    18,
    495,
    4433.863,
    [
      5,
      6,
      8,
      10,
      4,
      1,
      14,
      11,
      2,
      7,
      13,
      12,
      0,
      9,
      3
    ]
  ],
  [
    18,
    495,
    4567.774,
    [
      12,
      7,
      13,
      9,
      5,
      3,
      8,
      6,
      10,
      4,
      1,
      14,
      11,
      2,
      0
    ]
  ],
  [
    19,
    165,
    4615.909,
    [
      13,
      14,
      9,
      11,
      2,
      1,
      5,
      0,
      6,
      10,
      12,
      4,
      8,
      3,
      7
    ]
  ],
  [
    19,
    180,
    4577.107,
    [
      3,
      7,
      14,
      13,
      9,
      11,
      0,
      1,
      5,
      2,
      4,
      6,
      10,
      12,
      8
    ]
  ],
  [
    19,
    285,
    4577.107,
    [
      6,
      10,
      12,
      8,
      3,
      7,
      14,
      13,
      9,
      11,
      0,
      1,
      5,
      2,
      4
    ]
  ],
  [
    19,
    450,
    4672.917,
    [
      8,
      7,
      14,
      13,
      9,
      11,
      0,
      5,
      2,
      4,
      1,
      6,
      10,
      12,
      3
    ]
  ],
  [
    19,
    450,
    4750.365,
    [
      4,
      3,
      8,
      7,
      14,
      9,
      11,
      13,
      2,
      6,
      5,
      1,
      0,
      10,
      12
    ]
  ],
  [
    20,
    75,
    5040.871,
    [
      9,
      4,
      2,
      12,
      14,
      6,
      10,
      5,
      7,
      8,
      11,
      1,
      3,
      13,
      0
    ]
  ],
  [
    20,
    210,
    4776.589,
    [
      4,
      10,
      6,
      14,
      8,
      11,
      7,
      5,
      3,
      1,
      13,
      0,
      9,
      12,
      2
    ]
  ],
  [
    20,
    330,
    4902.27,
    [
      5,
      7,
      11,
      3,
      1,
      13,
      0,
      9,
      4,
      12,
      2,
      14,
      6,
      10,
      8
    ]
  ],
  [
    20,
    420,
    4951.34,
    [
      7,
      11,
      8,
      14,
      6,
      10,
      9,
      4,
      2,
      12,
      0,
      13,
      3,
      1,
      5
    ]
  ],
  [
    20,
    480,
    4930.228,
    [
      10,
      6,
      14,
      9,
      4,
      2,
      12,
      8,
      11,
      7,
      5,
      3,
      1,
      13,
      0
    ]
  ]
]