[
  [
    0,
    45,
    4702.557,
    [
      4,
      6,
      9,
      14,
      13,
      8,
      2,
      10,
      5,
      0,
      11,
      3,
      1,
      7,
      12
    ]
  ],
  [
    0,
    330,
    4640.837,
    [
      3,
      1,
      7,
      12,
      6,
      10,
      5,
      4,
      2,
      9,
      14,
      13,
      8,
      0,
      11
    ]
  ],
  [
    0,
    390,
    4618.71,
    [
      7,
      1,
      3,
      11,
      0,
      8,
      13,
      14,
      9,
      6,
      2,
      10,
      5,
      4,
      12
    ]
  ],
  [
    0,
    390,
    4641.989,
    [
      14,
      9,
      10,
      4,
      2,
      6,
      12,
      7,
      1,
      3,
      11,
      5,
      0,
      8,
      13
    ]
  ],
  [
    0,
    390,
    4705.426,
    [
      13,
      8,
      14,
      9,
      6,
      10,
      4,
      2,
      12,
      7,
      1,
      3,
      11,
      5,
      0
    ]
  ],
  [
    1,
    120,
    4861.073,
    [
      0,
      13,
      12,
      8,
      4,
      3,
      9,
      11,
      5,
      1,
      10,
      7,
      2,
      6,
      14
    ]
  ],
  [
    1,
    180,
    4822.913,
    [
      4,
      8,
      11,
      5,
      1,
      10,
      7,
      2,
      6,
      14,
      0,
      13,
      12,
      3,
      9
    ]
  ],
  [
    1,
    225,
    4982.52,
    [
      6,
      2,
      14,
      0,
      13,
      3,
      9,
      12,
      8,
      4,
      11,
      5,
      1,
      10,
      7
    ]
  ],
  [
    1,
    375,
    4892.096,
    [
      12,
      3,
      9,
      11,
      5,
      10,
      1,
      7,
      2,
      6,
      14,
      8,
      4,
      13,
      0
    ]
  ],
  [
    1,
    495,
    4952.303,
    [
      12,
      13,
      0,
      14,
      4,
      8,
      6,
      2,
      7,
      10,
      1,
      5,
      11,
      9,
      3
    ]
  ],
  [
    2,
    15,
    4938.469,
    [
      3,
      11,
      12,
      10,
      14,
      9,
      8,
      4,
      2,
      5,
      6,
      1,
      0,
      13,
      7
    ]
  ],
  [
    2,
    15,
    5066.302,
    [
      10,
      12,
      0,
      13,
      1,
      2,
      5,
      6,
      4,
      9,
      8,
      14,
      7,
      3,
      11
    ]
  ],
  [
    2,
    180,
    4828.386,
    [
      4,
      5,
      14,
      10,
      11,
      3,
      7,
      12,
      0,
      13,
      1,
      6,
      2,
      9,
      8
    ]
  ],
  [
    2,
    330,
    4839.917,
    [
      8,
      9,
      5,
      4,
      2,
      6,
      1,
      0,
      13,
      7,
      3,
      11,
      10,
      12,
      14
    ]
  ],
  [
    2,
    480,
    4785.619,
    [
      6,
      5,
      4,
      2,
      9,
      8,
      14,
      10,
      11,
      3,
      7,
      12,
      0,
      13,
      1
    ]
  ],
  [
    3,
    75,
    4437.109,
    [
      11,
      3,
      9,
      10,
      14,
      1,
      13,
      5,
      4,
      7,
      6,
      12,
      0,
      8,
      2
    ]
  ],
  [
    3,
    420,
    4461.767,
    [
      1,
      4,
      5,
      13,
      6,
      12,
      0,
      8,
      2,
      11,
      9,
      3,
      10,
      14,
      7
    ]
  ],
  [
    3,
    465,
    4419.625,
    [
      14,
      10,
      9,
      3,
      11,
      2,
      8,
      0,
      12,
      1,
      13,
      4,
      5,
      7,
      6
    ]
  ],
  [
    3,
    480,
    4393.588,
    [
      5,
      4,
      13,
      14,
      10,
      9,
      3,
      11,
      2,
      8,
      0,
      12,
      6,
      7,
      1
    ]
  ],
  [
    3,
    480,
    4474.943,
    [
      3,
      9,
      10,
      14,
      6,
      7,
      1,
      5,
      13,
      4,
      12,
      0,
      8,
      11,
      2
    ]
  ],
  [
    4,
    30,
    4564.837,
    [
      5,
      2,
      6,
      1,
      12,
      0,
      13,
      7,
      10,
      3,
      4,
      14,
      11,
      9,
      8
    ]
  ],
  [
    4,
    210,
    4366.506,
    [
      8,
      2,
      9,
      0,
      13,
      11,
      14,
      10,
      3,
      4,
      7,
      12,
      1,
      6,
      5
    ]
  ],
  [
    4,
    255,
    4447.229,
    [
      4,
      3,
      10,
      14,
      11,
      9,
      2,
      8,
      5,
      6,
      1,
      12,
      0,
      13,
      7
    ]
  ],
  [
    4,
    435,
    4372.313,
    [
      9,
      13,
      0,
      11,
      14,
      10,
      3,
      4,
      7,
      12,
      1,
      6,
      5,
      8,
      2
    ]
  ],
  [
    4,
    495,
    4541.096,
    [
      10,
      3,
      4,
      14,
      13,
      11,
      0,
      9,
      8,
      5,
      2,
      6,
      1,
      12,
      7
    ]
  ],
  [
    5,
    240,
    4795.227,
    [
      10,
      4,
      7,
      6,
      11,
      13,
      8,
      0,
      12,
      1,
      3,
      2,
      9,
      5,
      14
    ]
  ],
  [
    5,
    390,
    5105.827,
    [
      2,
      3,
      12,
      1,
      13,
      8,
      0,
      11,
      6,
      7,
      4,
      10,
      14,
      5,
      9
    ]
  ],
  [
    5,
    450,
    5127.94,
    [
      14,
      5,
      10,
      4,
      7,
      6,
      11,
      12,
      1,
      0,
      8,
      13,
      9,
      3,
      2
    ]
  ],
  [
    5,
    480,
    4986.755,
    [
      1,
      12,
      0,
      3,
      2,
      9,
      14,
      5,
      10,
      4,
      7,
      6,
      11,
      13,
      8
    ]
  ],
  [
    5,
    495,
    5027.87,
    [
      8,
      12,
      1,
      3,
      2,
      9,
      14,
      5,
      10,
      4,
      7,
      6,
      11,
      13,
      0
    ]
  ],
  [
    6,
    135,
    4763.177,
    [
      2,
      3,
      8,
      13,
      7,
      5,
      1,
      14,
      4,
      11,
      10,
      6,
      0,
      12,
      9
    ]
  ],
  [
    6,
    180,
    4810.434,
    [
      8,
      13,
      7,
      14,
      5,
      1,
      11,
      4,
      6,
      10,
      12,
      0,
      9,
      2,
      3
    ]
  ],
  [
    6,
    270,
    4763.177,
    [
      7,
      5,
      1,
      14,
      4,
      11,
      10,
      6,
      0,
      12,
      9,
      2,
      3,
      8,
      13
    ]
  ],
  [
    6,
    390,
    4767.448,
    [
      14,
      11,
      5,
      1,
      7,
      13,
      8,
      3,
      2,
      9,
      0,
      12,
      6,
      10,
      4
    ]
  ],
  [
    6,
    465,
    4763.994,
    [
      4,
      10,
      6,
      12,
      0,
      9,
      2,
      3,
      8,
      13,
      7,
      1,
      14,
      5,
      11
    ]
  ],
  [
    7,
    210,
    4612.399,
    [
      10,
      14,
      3,
      8,
      9,
      0,
      6,
      2,
      12,
      7,
      5,
      11,
      4,
      1,
      13
    ]
  ],
  [
    7,
    300,
    4606.387,
    [
      7,
      12,
      2,
      9,
      6,
      0,
      8,
      14,
      3,
      10,
      13,
      1,
      4,
      5,
      11
    ]
  ],
  [
    7,
    360,
    4515.193,
    [
      11,
      5,
      7,
      12,
      2,
      6,
      9,
      0,
      8,
      14,
      3,
      10,
      13,
      1,
      4
    ]
  ],
  [
    7,
    435,
    4713.208,
    [
      7,
      12,
      2,
      6,
      9,
      0,
      8,
      3,
      14,
      13,
      10,
      1,
      4,
      5,
      11
    ]
  ],
  [
    7,
    465,
    4633.611,
    [
      12,
      2,
      6,
      9,
      8,
      0,
      14,
      3,
      10,
      13,
      1,
      4,
      11,
      5,
      7
    ]
  ],
  [
    8,
    60,
    4855.465,
    [
      1,
      11,
      5,
      12,
      10,
      13,
      14,
      8,
      9,
      6,
      2,
      7,
      3,
      4,
      0
    ]
  ],
  [
    8,
    165,
    4974.983,
    [
      5,
      10,
      14,
      13,
      12,
      11,
      1,
      3,
      4,
      7,
      0,
      2,
      6,
      9,
      8
    ]
  ],
  [
    8,
    195,
    4783.609,
    [
      12,
      5,
      10,
      13,
      14,
      8,
      9,
      6,
      2,
      7,
      0,
      4,
      3,
      1,
      11
    ]
  ],
  [
    8,
    390,
    4799.763,
    [
      5,
      1,
      11,
      3,
      4,
      0,
      7,
      2,
      6,
      9,
      8,
      14,
      13,
      10,
      12
    ]
  ],
  [
    8,
    465,
    4974.384,
    [
      4,
      3,
      1,
      11,
      5,
      12,
      10,
      13,
      14,
      8,
      6,
      9,
      2,
      0,
      7
    ]
  ],
  [
    9,
    75,
    4932.528,
    [
      1,
      13,
      2,
      14,
      6,
      4,
      10,
      0,
      5,
      7,
      11,
      9,
      3,
      8,
      12
    ]
  ],
  [
    9,
    150,
    4827.1,
    [
      9,
      7,
      5,
      0,
      11,
      10,
      4,
      13,
      2,
      14,
      6,
      1,
      12,
      3,
      8
    ]
  ],
  [
    9,
    300,
    4802.731,
    [
      1,
      2,
      14,
      13,
      6,
      4,
      10,
      11,
      0,
      5,
      7,
      9,
      8,
      3,
      12
    ]
  ],
  [
    9,
    360,
    4825.872,
    [
      5,
      0,
      11,
      4,
      10,
      6,
      13,
      2,
      14,
      1,
      12,
      3,
      8,
      9,
      7
    ]
  ],
  [
    9,
    465,
    4903.92,
    [
      1,
      12,
      8,
      3,
      9,
      7,
      5,
      0,
      11,
      10,
      4,
      14,
      2,
      13,
      6
    ]
  ],
  [
    10,
    135,
    4575.17,
    [
      3,
      11,
      6,
      10,
      8,
      13,
      9,
      14,
      5,
      0,
      2,
      4,
      7,
      12,
      1
    ]
  ],
  [
    10,
    150,
    4559.765,
    [
      11,
      6,
      10,
      8,
      2,
      0,
      5,
      14,
      9,
      7,
      13,
      4,
      1,
      12,
      3
    ]
  ],
  [
    10,
    330,
    4529.106,
    [
      6,
      11,
      3,
      12,
      1,
      9,
      14,
      5,
      0,
      2,
      7,
      4,
      13,
      8,
      10
    ]
  ],
  [
    10,
    345,
    4541.721,
    [
      3,
      12,
      13,
      7,
      4,
      0,
      2,
      5,
      14,
      9,
      1,
      11,
      6,
      10,
      8
    ]
  ],
  [
    10,
    435,
    4625.475,
    [
      7,
      9,
      14,
      0,
      2,
      5,
      4,
      13,
      12,
      1,
      3,
      11,
      6,
      10,
      8
    ]
  ],
  [
    11,
    60,
    4638.194,
    [
      14,
      8,
      6,
      3,
      7,
      11,
      13,
      5,
      9,
      12,
      2,
      0,
      4,
      1,
      10
    ]
  ],
  [
    11,
    195,
    4468.934,
    [
      13,
      5,
      9,
      12,
      2,
      0,
      4,
      1,
      7,
      3,
      8,
      6,
      10,
      14,
      11
    ]
  ],
  [
    11,
    360,
    4562.641,
    [
      11,
      5,
      13,
      12,
      9,
      2,
      0,
      4,
      1,
      7,
      3,
      8,
      6,
      10,
      14
    ]
  ],
  [
    11,
    420,
    4556.186,
    [
      11,
      14,
      10,
      3,
      8,
      6,
      7,
      1,
      0,
      2,
      12,
      9,
      5,
      13,
      4
    ]
  ],
  [
    11,
    495,
    4556.486,
    [
      9,
      12,
      0,
      1,
      11,
      14,
      10,
      6,
      8,
      3,
      7,
      4,
      2,
      5,
      13
    ]
  ],
  [
    12,
    75,
    4823.251,
    [
      9,
      8,
      1,
      6,
      7,
      2,
      14,
      10,
      5,
      0,
      11,
      13,
      12,
      3,
      4
    ]
  ],
  [
    12,
    150,
    4839.408,
    [
      4,
      12,
      3,
      13,
      0,
      14,
      10,
      5,
      2,
      6,
      7,
      1,
      11,
      8,
      9
    ]
  ],
  [
    12,
    300,
    4683.78,
    [
      11,
      7,
      1,
      6,
      2,
      10,
      14,
      5,
      0,
      13,
      12,
      3,
      4,
      9,
      8
    ]
  ],
  [
    12,
    435,
    4722.098,
    [
      8,
      9,
      4,
      12,
      3,
      13,
      0,
      5,
      14,
      10,
      2,
      6,
      1,
      7,
      11
    ]
  ],
  [
    12,
    465,
    4698.12,
    [
      11,
      6,
      1,
      7,
      2,
      10,
      14,
      5,
      0,
      13,
      12,
      3,
      4,
      9,
      8
    ]
  ],
  [
    13,
    210,
    4738.134,
    [
      10,
      9,
      6,
      13,
      4,
      12,
      0,
      14,
      7,
      2,
      8,
      3,
      5,
      1,
      11
    ]
  ],
  [
    13,
    300,
    4752.437,
    [
      11,
      5,
      8,
      3,
      2,
      7,
      12,
      4,
      13,
      6,
      9,
      10,
      0,
      14,
      1
    ]
  ],
  [
    13,
    345,
    4917.19,
    [
      0,
      14,
      7,
      12,
      4,
      13,
      6,
      9,
      10,
      11,
      1,
      5,
      3,
      2,
      8
    ]
  ],
  [
    13,
    450,
    4721.563,
    [
      1,
      5,
      14,
      0,
      10,
      9,
      13,
      6,
      4,
      12,
      7,
      2,
      3,
      8,
      11
    ]
  ],
  [
    13,
    495,
    4726.348,
    [
      1,
      5,
      3,
      8,
      2,
      7,
      14,
      0,
      4,
      12,
      6,
      13,
      9,
      10,
      11
    ]
  ],
  [
    14,
    375,
    4825.358,
    [
      10,
      11,
      3,
      12,
      9,
      13,
      5,
      6,
      0,
      8,
      1,
      14,
      2,
      4,
      7
    ]
  ],
  [
    14,
    420,
    4724.012,
    [
      11,
      3,
      10,
      0,
      6,
      5,
      13,
      8,
      1,
      14,
      2,
      4,
      9,
      12,
      7
    ]
  ],
  [
    14,
    465,
    4614.562,
    [
      13,
      8,
      1,
      2,
      14,
      4,
      7,
      9,
      12,
      3,
      11,
      10,
      6,
      0,
      5
    ]
  ],
  [
    14,
    465,
    4821.337,
    [
      6,
      0,
      5,
      8,
      1,
      14,
      2,
      4,
      9,
      7,
      12,
      3,
      11,
      10,
      13
    ]
  ],
  [
    14,
    495,
    4824.91,
    [
      1,
      8,
      14,
      2,
      4,
      9,
      7,
      12,
      11,
      3,
      10,
      6,
      0,
      5,
      13
    ]
  ],
  [
    15,
    105,
    4485.706,
    [
      3,
      0,
      2,
      12,
      7,
      4,
      5,
      14,
      8,
      1,
      10,
      6,
      11,
      9,
      13
    ]
  ],
  [
    15,
    195,
    4516.822,
    [
      14,
      8,
      1,
      9,
      10,
      13,
      11,
      6,
      3,
      0,
      2,
      12,
      7,
      4,
      5
    ]
  ],
  [
    15,
    435,
    4449.801,
    [
      9,
      10,
      6,
      11,
      13,
      0,
      3,
      2,
      7,
      12,
      4,
      5,
      14,
      8,
      1
    ]
  ],
  [
    15,
    450,
    4459.524,
    [
      10,
      9,
      11,
      13,
      3,
      0,
      2,
      7,
      12,
      4,
      5,
      14,
      8,
      1,
      6
    ]
  ],
  [
    15,
    495,
    4483.435,
    [
      1,
      9,
      10,
      13,
      11,
      6,
      3,
      0,
      2,
      7,
      12,
      4,
      5,
      14,
      8
    ]
  ],
  [
    16,
    315,
    4779.704,
    [
      10,
      9,
      4,
      0,
      2,
      1,
      11,
      13,
      5,
      3,
      7,
      14,
      12,
      8,
      6
    ]
  ],
  [
    16,
    405,
    4837.664,
    [
      10,
      6,
      9,
      4,
      0,
      5,
      11,
      13,
      1,
      2,
      8,
      3,
      7,
      14,
      12
    ]
  ],
  [
    16,
    420,
    4819.504,
    [
      0,
      6,
      10,
      4,
      9,
      11,
      5,
      13,
      1,
      2,
      3,
      7,
      14,
      12,
      8
    ]
  ],
  [
    16,
    450,
    4874.474,
    [
      14,
      7,
      3,
      2,
      5,
      11,
      13,
      1,
      0,
      10,
      6,
      9,
      4,
      8,
      12
    ]
  ],
  [
    16,
    495,
    4859.404,
    [
      6,
      10,
      9,
      4,
      2,
      8,
      12,
      14,
      7,
      3,
      13,
      5,
      11,
      1,
      0
    ]
  ],
  [
    17,
    330,
    4719.779,
    [
      12,
      13,
      5,
      0,
      8,
      4,
      3,
      11,
      10,
      9,
      7,
      1,
      14,
      6,
      2
    ]
  ],
  [
    17,
    345,
    4802.323,
    [
      5,
      8,
      4,
      3,
      11,
      0,
      9,
      10,
      1,
      7,
      14,
      6,
      2,
      12,
      13
    ]
  ],
  [
    17,
    345,
    4889.219,
    [
      2,
      6,
      14,
      1,
      7,
      9,
      10,
      0,
      3,
      11,
      4,
      8,
      5,
      12,
      13
    ]
  ],
  [
    17,
    375,
    4828.88,
    [
      10,
      9,
      14,
      6,
      2,
      12,
      13,
      5,
      8,
      4,
      3,
      11,
      0,
      1,
      7
    ]
  ],
  [
    17,
    390,
    4729.913,
    [
      7,
      1,
      9,
      10,
      11,
      3,
      4,
      8,
      0,
      5,
      13,
      12,
      2,
      6,
      14
    ]
  ],
  [
    18,
    45,
    4510.285,
    [
      14,
      4,
      1,
      10,
      8,
      5,
      3,
      6,
      9,
      0,
      12,
      13,
      7,
      2,
      11
    ]
  ],
  [
    18,
    225,
    4435.447,
    [
      8,
      10,
      4,
      1,
      14,
      11,
      2,
      13,
      7,
      12,
      0,
      9,
      5,
      3,
      6
    ]
  ],
  [
    18,
    405,
    4465.06,
    [
      3,
      6,
      8,
      10,
      4,
      1,
      14,
      11,
      2,
      12,
      13,
      7,
      0,
      9,
      5
    ]
  ],
  [
    18,
    420,
    4464.802,
    [
      9,
      13,
      7,
      0,
      12,
      2,
      11,
      14,
      1,
      4,
      10,
      8,
      6,
      3,
      5
    ]
  ],
  [
    18,
    465,
    4435.447,
    [
      3,
      5,
      9,
      0,
      12,
      7,
      13,
      2,
      11,
      14,
      1,
      4,
      10,
      8,
      6
    ]
  ],
  [
    19,
    150,
    4655.012,
    [
      10,
      6,
      4,
      2,
      5,
      0,
      1,
      11,
      9,
      7,
      14,
      13,
      3,
      8,
      12
    ]
  ],
  [
    19,
    255,
    4614.508,
    [
      12,
      10,
      5,
      0,
      6,
      4,
      2,
      1,
      11,
      9,
      13,
      14,
      7,
      8,
      3
    ]
  ],
  [
    19,
    270,
    4635.329,
    [
      4,
      6,
      2,
      1,
      0,
      5,
      11,
      9,
      14,
      13,
      7,
      8,
      3,
      12,
      10
    ]
  ],
  [
    19,
    270,
    4679.198,
    [
      7,
      14,
      13,
      11,
      9,
      8,
      3,
      12,
      4,
      6,
      10,
      0,
      5,
      1,
      2
    ]
  ],
  [
    19,
    390,
    4547.003,
    [
      13,
      14,
      7,
      3,
      8,
      12,
      10,
      6,
      4,
      2,
      1,
      5,
      0,
      11,
      9
    ]
  ],
  [
    20,
    15,
    5057.513,
    [
      10,
      6,
      12,
      4,
      2,
      0,
      9,
      14,
      8,
      11,
      5,
      7,
      3,
      1,
      13
    ]
  ],
  [
    20,
    75,
    4955.863,
    [
      0,
      9,
      2,
      12,
      4,
      10,
      6,
      14,
      8,
      11,
      5,
      7,
      1,
      3,
      13
    ]
  ],
  [
    20,
    285,
    4938.52,
    [
      11,
      7,
      5,
      3,
      1,
      13,
      0,
      9,
      14,
      10,
      6,
      12,
      4,
      2,
      8
    ]
  ],
  [
    20,
    375,
    4884.949,
    [
      6,
      10,
      3,
      1,
      13,
      0,
      9,
      4,
      12,
      2,
      14,
      8,
      7,
      5,
      11
    ]
  ],
  [
    20,
    435,
    4835.4,
    [
      10,
      6,
      14,
      4,
      12,
      2,
      9,
      0,
      13,
      1,
      3,
      5,
      7,
      8,
      11
    ]
  ]
]