[
  [
    0,
    105,
    4618.71,
    [
      12,
      4,
      5,
      10,
      2,
      6,
      9,
      14,
      13,
      8,
      0,
      11,
      3,
      1,
      7
    ]
  ],
  [
    0,
    150,
    4618.71,
    [
      1,
      7,
      12,
      4,
      5,
      10,
      2,
      6,
      9,
      14,
      13,
      8,
      0,
      11,
      3
    ]
  ],
  [
    0,
    210,
    4618.71,
    [
      8,
      13,
      14,
      9,
      6,
      2,
      10,
      5,
      4,
      12,
      7,
      1,
      3,
      11,
      0
    ]
  ],
  [
    0,
    285,
    4618.71,
    [
      13,
      8,
      0,
      11,
      3,
      1,
      7,
      12,
      4,
      5,
      10,
      2,
      6,
      9,
      14
    ]
  ],
  [
    0,
    435,
    4618.71,
    [
      4,
      5,
      10,
      2,
      6,
      9,
      14,
      13,
      8,
      0,
      11,
      3,
      1,
      7,
      12
    ]
  ],
  [
    1,
    150,
    4822.913,
    [
      6,
      2,
      7,
      10,
      1,
      5,
      11,
      8,
      4,
      9,
      3,
      12,
      13,
      0,
      14
    ]
  ],
  [
    1,
    165,
    4822.913,
    [
      5,
      11,
      8,
      4,
      9,
      3,
      12,
      13,
      0,
      14,
      6,
      2,
      7,
      10,
      1
    ]
  ],
  [
    1,
    285,
    4822.913,
    [
      10,
      1,
      5,
      11,
      8,
      4,
      9,
      3,
      12,
      13,
      0,
      14,
      6,
      2,
      7
    ]
  ],
  [
    1,
    390,
    4825.456,
    [
      8,
      9,
      3,
      12,
      13,
      0,
      14,
      6,
      2,
      7,
      10,
      1,
      5,
      11,
      4
    ]
  ],
  [
    1,
    405,
    4822.913,
    [
      4,
      8,
      11,
      5,
      1,
      10,
      7,
      2,
      6,
      14,
      0,
      13,
      12,
      3,
      9
    ]
  ],
  [
    2,
    120,
    4745.092,
    [
      11,
      14,
      8,
      9,
      4,
      5,
      2,
      6,
      1,
      0,
      13,
      12,
      7,
      3,
      10
    ]
  ],
  [
    2,
    180,
    4745.092,
    [
      1,
      6,
      2,
      5,
      4,
      9,
      8,
      14,
      11,
      10,
      3,
      7,
      12,
      13,
      0
    ]
  ],
  [
    2,
    255,
    4745.092,
    [
      10,
      11,
      14,
      8,
      9,
      4,
      5,
      2,
      6,
      1,
      0,
      13,
      12,
      7,
      3
    ]
  ],
  [
    2,
    255,
    4745.092,
    [
      12,
      7,
      3,
      10,
      11,
      14,
      8,
      9,
      4,
      5,
      2,
      6,
      1,
      0,
      13
    ]
  ],
  [
    2,
    315,
    4745.092,
    [
      3,
      7,
      12,
      13,
      0,
      1,
      6,
      2,
      5,
      4,
      9,
      8,
      14,
      11,
      10
    ]
  ],
  [
    3,
    210,
    4361.973,
    [
      13,
      7,
      6,
      14,
      10,
      9,
      3,
      11,
      2,
      8,
      0,
      12,
      1,
      4,
      5
    ]
  ],
  [
    3,
    255,
    4361.973,
    [
      7,
      13,
      5,
      4,
      1,
      12,
      0,
      8,
      2,
      11,
      3,
      9,
      10,
      14,
      6
    ]
  ],
  [
    3,
    270,
    4361.973,
    [
      4,
      5,
      13,
      7,
      6,
      14,
      10,
      9,
      3,
      11,
      2,
      8,
      0,
      12,
      1
    ]
  ],
  [
    3,
    345,
    4361.973,
    [
      2,
      8,
      0,
      12,
      1,
      4,
      5,
      13,
      7,
      6,
      14,
      10,
      9,
      3,
      11
    ]
  ],
  [
    3,
    375,
    4361.973,
    [
      11,
      2,
      8,
      0,
      12,
      1,
      4,
      5,
      13,
      7,
      6,
      14,
      10,
      9,
      3
    ]
  ],
  [
    4,
    90,
    4366.506,
    [
      3,
      10,
      14,
      11,
      13,
      0,
      9,
      2,
      8,
      5,
      6,
      1,
      12,
      7,
      4
    ]
  ],
  [
    4,
    150,
    4366.506,
    [
      2,
      9,
      0,
      13,
      11,
      14,
      10,
      3,
      4,
      7,
      12,
      1,
      6,
      5,
      8
    ]
  ],
  [
    4,
    210,
    4366.506,
    [
      13,
      11,
      14,
      10,
      3,
      4,
      7,
      12,
      1,
      6,
      5,
      8,
      2,
      9,
      0
    ]
  ],
  [
    4,
    240,
    4366.506,
    [
      13,
      11,
      14,
      10,
      3,
      4,
      7,
      12,
      1,
      6,
      5,
      8,
      2,
      9,
      0
    ]
  ],
  [
    4,
    285,
    4366.506,
    [
      13,
      11,
      14,
      10,
      3,
      4,
      7,
      12,
      1,
      6,
      5,
      8,
      2,
      9,
      0
    ]
  ],
  [
    5,
    15,
    4795.227,
    [
      2,
      3,
      1,
      12,
      0,
      8,
      13,
      11,
      6,
      7,
      4,
      10,
      14,
      5,
      9
    ]
  ],
  [
    5,
    15,
    4795.227,
    [
      13,
      8,
      0,
      12,
      1,
      3,
      2,
      9,
      5,
      14,
      10,
      4,
      7,
      6,
      11
    ]
  ],
  [
    5,
    45,
    4795.227,
    [
      13,
      8,
      0,
      12,
      1,
      3,
      2,
      9,
      5,
      14,
      10,
      4,
      7,
      6,
      11
    ]
  ],
  [
    5,
    120,
    4795.227,
    [
      8,
      13,
      11,
      6,
      7,
      4,
      10,
      14,
      5,
      9,
      2,
      3,
      1,
      12,
      0
    ]
  ],
  [
    5,
    300,
    4795.227,
    [
      4,
      10,
      14,
      5,
      9,
      2,
      3,
      1,
      12,
      0,
      8,
      13,
      11,
      6,
      7
    ]
  ],
  [
    6,
    60,
    4654.871,
    [
      3,
      8,
      13,
      7,
      5,
      1,
      14,
      11,
      4,
      10,
      6,
      12,
      0,
      9,
      2
    ]
  ],
  [
    6,
    60,
    4654.871,
    [
      12,
      0,
      9,
      2,
      3,
      8,
      13,
      7,
      5,
      1,
      14,
      11,
      4,
      10,
      6
    ]
  ],
  [
    6,
    90,
    4654.871,
    [
      3,
      2,
      9,
      0,
      12,
      6,
      10,
      4,
      11,
      14,
      1,
      5,
      7,
      13,
      8
    ]
  ],
  [
    6,
    195,
    4654.871,
    [
      7,
      13,
      8,
      3,
      2,
      9,
      0,
      12,
      6,
      10,
      4,
      11,
      14,
      1,
      5
    ]
  ],
  [
    6,
    210,
    4654.871,
    [
      2,
      9,
      0,
      12,
      6,
      10,
      4,
      11,
      14,
      1,
      5,
      7,
      13,
      8,
      3
    ]
  ],
  [
    7,
    60,
    4513.306,
    [
      7,
      12,
      2,
      6,
      9,
      0,
      8,
      3,
      14,
      10,
      13,
      1,
      4,
      11,
      5
    ]
  ],
  [
    7,
    75,
    4513.306,
    [
      11,
      4,
      1,
      13,
      10,
      14,
      3,
      8,
      0,
      9,
      6,
      2,
      12,
      7,
      5
    ]
  ],
  [
    7,
    75,
    4513.306,
    [
      14,
      3,
      8,
      0,
      9,
      6,
      2,
      12,
      7,
      5,
      11,
      4,
      1,
      13,
      10
    ]
  ],
  [
    7,
    90,
    4513.306,
    [
      0,
      9,
      6,
      2,
      12,
      7,
      5,
      11,
      4,
      1,
      13,
      10,
      14,
      3,
      8
    ]
  ],
  [
    7,
    120,
    4513.306,
    [
      3,
      8,
      0,
      9,
      6,
      2,
      12,
      7,
      5,
      11,
      4,
      1,
      13,
      10,
      14
    ]
  ],
  [
    8,
    135,
    4786.63,
    [
      5,
      12,
      1,
      11,
      3,
      4,
      0,
      7,
      2,
      6,
      9,
      8,
      14,
      13,
      10
    ]
  ],
  [
    8,
    195,
    4783.609,
    [
      5,
      10,
      13,
      14,
      8,
      9,
      6,
      2,
      7,
      0,
      4,
      3,
      1,
      11,
      12
    ]
  ],
  [
    8,
    255,
    4783.609,
    [
      7,
      2,
      6,
      9,
      8,
      14,
      13,
      10,
      5,
      12,
      11,
      1,
      3,
      4,
      0
    ]
  ],
  [
    8,
    255,
    4783.609,
    [
      9,
      6,
      2,
      7,
      0,
      4,
      3,
      1,
      11,
      12,
      5,
      10,
      13,
      14,
      8
    ]
  ],
  [
    8,
    270,
    4783.609,
    [
      7,
      0,
      4,
      3,
      1,
      11,
      12,
      5,
      10,
      13,
      14,
      8,
      9,
      6,
      2
    ]
  ],
  [
    9,
    45,
    4765.175,
    [
      9,
      8,
      3,
      12,
      1,
      13,
      2,
      14,
      6,
      4,
      10,
      11,
      0,
      5,
      7
    ]
  ],
  [
    9,
    135,
    4765.175,
    [
      11,
      10,
      4,
      6,
      14,
      2,
      13,
      1,
      12,
      3,
      8,
      9,
      7,
      5,
      0
    ]
  ],
  [
    9,
    150,
    4765.175,
    [
      12,
      1,
      13,
      2,
      14,
      6,
      4,
      10,
      11,
      0,
      5,
      7,
      9,
      8,
      3
    ]
  ],
  [
    9,
    225,
    4776.19,
    [
      2,
      13,
      1,
      12,
      3,
      8,
      9,
      7,
      11,
      0,
      5,
      4,
      10,
      6,
      14
    ]
  ],
  [
    9,
    255,
    4765.175,
    [
      11,
      0,
      5,
      7,
      9,
      8,
      3,
      12,
      1,
      13,
      2,
      14,
      6,
      4,
      10
    ]
  ],
  [
    10,
    30,
    4505.366,
    [
      11,
      3,
      12,
      1,
      9,
      14,
      5,
      2,
      0,
      4,
      7,
      13,
      8,
      10,
      6
    ]
  ],
  [
    10,
    45,
    4504.967,
    [
      8,
      10,
      6,
      11,
      3,
      1,
      12,
      13,
      4,
      7,
      9,
      14,
      5,
      0,
      2
    ]
  ],
  [
    10,
    165,
    4504.967,
    [
      8,
      2,
      0,
      5,
      14,
      9,
      7,
      4,
      13,
      12,
      1,
      3,
      11,
      6,
      10
    ]
  ],
  [
    10,
    195,
    4505.366,
    [
      3,
      11,
      6,
      10,
      8,
      13,
      7,
      4,
      0,
      2,
      5,
      14,
      9,
      1,
      12
    ]
  ],
  [
    10,
    255,
    4504.967,
    [
      2,
      0,
      5,
      14,
      9,
      7,
      4,
      13,
      12,
      1,
      3,
      11,
      6,
      10,
      8
    ]
  ],
  [
    11,
    105,
    4468.934,
    [
      9,
      12,
      2,
      0,
      4,
      1,
      7,
      3,
      8,
      6,
      10,
      14,
      11,
      13,
      5
    ]
  ],
  [
    11,
    135,
    4468.934,
    [
      6,
      8,
      3,
      7,
      1,
      4,
      0,
      2,
      12,
      9,
      5,
      13,
      11,
      14,
      10
    ]
  ],
  [
    11,
    135,
    4468.934,
    [
      6,
      8,
      3,
      7,
      1,
      4,
      0,
      2,
      12,
      9,
      5,
      13,
      11,
      14,
      10
    ]
  ],
  [
    11,
    195,
    4468.934,
    [
      6,
      8,
      3,
      7,
      1,
      4,
      0,
      2,
      12,
      9,
      5,
      13,
      11,
      14,
      10
    ]
  ],
  [
    11,
    195,
    4468.934,
    [
      8,
      3,
      7,
      1,
      4,
      0,
      2,
      12,
      9,
      5,
      13,
      11,
      14,
      10,
      6
    ]
  ],
  [
    12,
    150,
    4682.157,
    [
      0,
      5,
      11,
      13,
      12,
      3,
      4,
      9,
      8,
      7,
      1,
      6,
      2,
      10,
      14
    ]
  ],
  [
    12,
    150,
    4683.78,
    [
      2,
      6,
      1,
      7,
      11,
      8,
      9,
      4,
      3,
      12,
      13,
      0,
      5,
      14,
      10
    ]
  ],
  [
    12,
    195,
    4682.157,
    [
      10,
      14,
      0,
      5,
      11,
      13,
      12,
      3,
      4,
      9,
      8,
      7,
      1,
      6,
      2
    ]
  ],
  [
    12,
    465,
    4682.157,
    [
      7,
      1,
      6,
      2,
      10,
      14,
      0,
      5,
      11,
      13,
      12,
      3,
      4,
      9,
      8
    ]
  ],
  [
    12,
    465,
    4683.78,
    [
      1,
      6,
      2,
      10,
      14,
      5,
      0,
      13,
      12,
      3,
      4,
      9,
      8,
      11,
      7
    ]
  ],
  [
    13,
    165,
    4667.445,
    [
      6,
      13,
      9,
      10,
      0,
      14,
      11,
      1,
      5,
      8,
      3,
      2,
      7,
      12,
      4
    ]
  ],
  [
    13,
    195,
    4667.445,
    [
      0,
      10,
      9,
      13,
      6,
      4,
      12,
      7,
      2,
      3,
      8,
      5,
      1,
      11,
      14
    ]
  ],
  [
    13,
    240,
    4667.445,
    [
      5,
      1,
      11,
      14,
      0,
      10,
      9,
      13,
      6,
      4,
      12,
      7,
      2,
      3,
      8
    ]
  ],
  [
    13,
    255,
    4667.445,
    [
      6,
      13,
      9,
      10,
      0,
      14,
      11,
      1,
      5,
      8,
      3,
      2,
      7,
      12,
      4
    ]
  ],
  [
    13,
    420,
    4667.445,
    [
      10,
      9,
      13,
      6,
      4,
      12,
      7,
      2,
      3,
      8,
      5,
      1,
      11,
      14,
      0
    ]
  ],
  [
    14,
    30,
    4588.57,
    [
      0,
      6,
      5,
      13,
      8,
      1,
      2,
      14,
      4,
      7,
      9,
      12,
      3,
      11,
      10
    ]
  ],
  [
    14,
    90,
    4588.57,
    [
      6,
      5,
      13,
      8,
      1,
      2,
      14,
      4,
      7,
      9,
      12,
      3,
      11,
      10,
      0
    ]
  ],
  [
    14,
    135,
    4588.57,
    [
      7,
      4,
      14,
      2,
      1,
      8,
      13,
      5,
      6,
      0,
      10,
      11,
      3,
      12,
      9
    ]
  ],
  [
    14,
    150,
    4588.57,
    [
      11,
      3,
      12,
      9,
      7,
      4,
      14,
      2,
      1,
      8,
      13,
      5,
      6,
      0,
      10
    ]
  ],
  [
    14,
    360,
    4588.57,
    [
      14,
      2,
      1,
      8,
      13,
      5,
      6,
      0,
      10,
      11,
      3,
      12,
      9,
      7,
      4
    ]
  ],
  [
    15,
    165,
    4424.247,
    [
      14,
      5,
      4,
      12,
      7,
      2,
      0,
      3,
      13,
      11,
      6,
      10,
      9,
      1,
      8
    ]
  ],
  [
    15,
    195,
    4424.247,
    [
      8,
      14,
      5,
      4,
      12,
      7,
      2,
      0,
      3,
      13,
      11,
      6,
      10,
      9,
      1
    ]
  ],
  [
    15,
    210,
    4424.247,
    [
      8,
      14,
      5,
      4,
      12,
      7,
      2,
      0,
      3,
      13,
      11,
      6,
      10,
      9,
      1
    ]
  ],
  [
    15,
    210,
    4424.247,
    [
      14,
      5,
      4,
      12,
      7,
      2,
      0,
      3,
      13,
      11,
      6,
      10,
      9,
      1,
      8
    ]
  ],
  [
    15,
    225,
    4424.247,
    [
      10,
      6,
      11,
      13,
      3,
      0,
      2,
      7,
      12,
      4,
      5,
      14,
      8,
      1,
      9
    ]
  ],
  [
    16,
    15,
    4716.318,
    [
      8,
      2,
      1,
      13,
      11,
      5,
      3,
      7,
      14,
      12,
      10,
      6,
      9,
      4,
      0
    ]
  ],
  [
    16,
    105,
    4702.2,
    [
      11,
      1,
      2,
      8,
      0,
      4,
      9,
      6,
      10,
      12,
      14,
      7,
      3,
      13,
      5
    ]
  ],
  [
    16,
    240,
    4702.2,
    [
      5,
      11,
      1,
      2,
      8,
      0,
      4,
      9,
      6,
      10,
      12,
      14,
      7,
      3,
      13
    ]
  ],
  [
    16,
    240,
    4702.2,
    [
      13,
      5,
      11,
      1,
      2,
      8,
      0,
      4,
      9,
      6,
      10,
      12,
      14,
      7,
      3
    ]
  ],
  [
    16,
    330,
    4702.2,
    [
      5,
      13,
      3,
      7,
      14,
      12,
      10,
      6,
      9,
      4,
      0,
      8,
      2,
      1,
      11
    ]
  ],
  [
    17,
    15,
    4719.779,
    [
      3,
      11,
      10,
      9,
      7,
      1,
      14,
      6,
      2,
      12,
      13,
      5,
      0,
      8,
      4
    ]
  ],
  [
    17,
    15,
    4750.879,
    [
      4,
      8,
      5,
      13,
      12,
      2,
      6,
      14,
      1,
      7,
      9,
      10,
      0,
      3,
      11
    ]
  ],
  [
    17,
    60,
    4729.913,
    [
      2,
      12,
      13,
      5,
      0,
      8,
      4,
      3,
      11,
      10,
      9,
      1,
      7,
      14,
      6
    ]
  ],
  [
    17,
    420,
    4719.779,
    [
      11,
      3,
      4,
      8,
      0,
      5,
      13,
      12,
      2,
      6,
      14,
      1,
      7,
      9,
      10
    ]
  ],
  [
    17,
    465,
    4724.146,
    [
      4,
      8,
      5,
      13,
      12,
      2,
      6,
      14,
      1,
      7,
      9,
      10,
      0,
      11,
      3
    ]
  ],
  [
    18,
    75,
    4416.925,
    [
      9,
      5,
      3,
      6,
      8,
      10,
      4,
      1,
      14,
      11,
      2,
      7,
      13,
      12,
      0
    ]
  ],
  [
    18,
    120,
    4416.925,
    [
      10,
      4,
      1,
      14,
      11,
      2,
      7,
      13,
      12,
      0,
      9,
      5,
      3,
      6,
      8
    ]
  ],
  [
    18,
    120,
    4416.925,
    [
      12,
      0,
      9,
      5,
      3,
      6,
      8,
      10,
      4,
      1,
      14,
      11,
      2,
      7,
      13
    ]
  ],
  [
    18,
    165,
    4416.925,
    [
      7,
      13,
      12,
      0,
      9,
      5,
      3,
      6,
      8,
      10,
      4,
      1,
      14,
      11,
      2
    ]
  ],
  [
    18,
    285,
    4416.925,
    [
      3,
      6,
      8,
      10,
      4,
      1,
      14,
      11,
      2,
      7,
      13,
      12,
      0,
      9,
      5
    ]
  ],
  [
    19,
    135,
    4535.25,
    [
      0,
      5,
      2,
      4,
      6,
      10,
      12,
      3,
      8,
      7,
      14,
      13,
      9,
      11,
      1
    ]
  ],
  [
    19,
    180,
    4535.25,
    [
      10,
      6,
      4,
      2,
      5,
      0,
      1,
      11,
      9,
      13,
      14,
      7,
      8,
      3,
      12
    ]
  ],
  [
    19,
    270,
    4535.25,
    [
      2,
      4,
      6,
      10,
      12,
      3,
      8,
      7,
      14,
      13,
      9,
      11,
      1,
      0,
      5
    ]
  ],
  [
    19,
    300,
    4535.25,
    [
      0,
      5,
      2,
      4,
      6,
      10,
      12,
      3,
      8,
      7,
      14,
      13,
      9,
      11,
      1
    ]
  ],
  [
    19,
    390,
    4535.25,
    [
      1,
      0,
      5,
      2,
      4,
      6,
      10,
      12,
      3,
      8,
      7,
      14,
      13,
      9,
      11
    ]
  ],
  [
    20,
    105,
    4776.589,
    [
      6,
      14,
      8,
      11,
      7,
      5,
      3,
      1,
      13,
      0,
      9,
      12,
      2,
      4,
      10
    ]
  ],
  [
    20,
    165,
    4776.589,
    [
      2,
      4,
      10,
      6,
      14,
      8,
      11,
      7,
      5,
      3,
      1,
      13,
      0,
      9,
      12
    ]
  ],
  [
    20,
    195,
    4776.589,
    [
      14,
      8,
      11,
      7,
      5,
      3,
      1,
      13,
      0,
      9,
      12,
      2,
      4,
      10,
      6
    ]
  ],
  [
    20,
    255,
    4776.589,
    [
      12,
      9,
      0,
      13,
      1,
      3,
      5,
      7,
      11,
      8,
      14,
      6,
      10,
      4,
      2
    ]
  ],
  [
    20,
    285,
    4776.589,
    [
      7,
      5,
      3,
      1,
      13,
      0,
      9,
      12,
      2,
      4,
      10,
      6,
      14,
      8,
      11
    ]
  ]
]