[
  [
    0,
    1470,
    4621.05,
    [
      2,
      10,
      6,
      9,
      14,
      13,
      8,
      0,
      5,
      11,
      3,
      1,
      7,
      12,
      4
    ]
  ],
  [
    0,
    1545,
    4625.748,
    [
      12,
      6,
      10,
      2,
      4,
      5,
      9,
      14,
      13,
      8,
      0,
      11,
      3,
      1,
      7
    ]
  ],
  [
    0,
    2835,
    4618.71,
    [
      10,
      2,
      6,
      9,
      14,
      13,
      8,
      0,
      11,
      3,
      1,
      7,
      12,
      4,
      5
    ]
  ],
  [
    0,
    3150,
    4625.748,
    [
      7,
      1,
      3,
      11,
      0,
      8,
      13,
      14,
      9,
      5,
      4,
      2,
      10,
      6,
      12
    ]
  ],
  [
    0,
    4350,
    4618.71,
    [
      11,
      0,
      8,
      13,
      14,
      9,
      6,
      2,
      10,
      5,
      4,
      12,
      7,
      1,
      3
    ]
  ],
  [
    1,
    615,
    4856.394,
    [
      9,
      11,
      5,
      1,
      10,
      7,
      2,
      6,
      14,
      8,
      4,
      13,
      0,
      12,
      3
    ]
  ],
  [
    1,
    1035,
    4822.913,
    [
      4,
      8,
      11,
      5,
      1,
      10,
      7,
      2,
      6,
      14,
      0,
      13,
      12,
      3,
      9
    ]
  ],
  [
    1,
    2595,
    4822.913,
    [
      3,
      12,
      13,
      0,
      14,
      6,
      2,
      7,
      10,
      1,
      5,
      11,
      8,
      4,
      9
    ]
  ],
  [
    1,
    3720,
    4822.913,
    [
      2,
      7,
      10,
      1,
      5,
      11,
      8,
      4,
      9,
      3,
      12,
      13,
      0,
      14,
      6
    ]
  ],
  [
    1,
    4695,
    4822.913,
    [
      14,
      0,
      13,
      12,
      3,
      9,
      4,
      8,
      11,
      5,
      1,
      10,
      7,
      2,
      6
    ]
  ],
  [
    2,
    630,
    4784.835,
    [
      8,
      9,
      4,
      5,
      2,
      6,
      1,
      0,
      13,
      12,
      3,
      7,
      10,
      11,
      14
    ]
  ],
  [
    2,
    1410,
    4745.092,
    [
      8,
      14,
      11,
      10,
      3,
      7,
      12,
      13,
      0,
      1,
      6,
      2,
      5,
      4,
      9
    ]
  ],
  [
    2,
    1695,
    4745.092,
    [
      9,
      4,
      5,
      2,
      6,
      1,
      0,
      13,
      12,
      7,
      3,
      10,
      11,
      14,
      8
    ]
  ],
  [
    2,
    2280,
    4761.826,
    [
      9,
      8,
      14,
      11,
      10,
      12,
      3,
      7,
      13,
      0,
      1,
      6,
      2,
      5,
      4
    ]
  ],
  [
    2,
    3375,
    4745.092,
    [
      4,
      5,
      2,
      6,
      1,
      0,
      13,
      12,
      7,
      3,
      10,
      11,
      14,
      8,
      9
    ]
  ],
  [
    3,
    1380,
    4361.973,
    [
      12,
      0,
      8,
      2,
      11,
      3,
      9,
      10,
      14,
      6,
      7,
      13,
      5,
      4,
      1
    ]
  ],
  [
    3,
    2565,
    4400.986,
    [
      0,
      12,
      7,
      13,
      5,
      4,
      1,
      6,
      14,
      10,
      9,
      3,
      11,
      2,
      8
    ]
  ],
  [
    3,
    3405,
    4361.973,
    [
      14,
      10,
      9,
      3,
      11,
      2,
      8,
      0,
      12,
      1,
      4,
      5,
      13,
      7,
      6
    ]
  ],
  [
    3,
    3855,
    4361.973,
    [
      2,
      11,
      3,
      9,
      10,
      14,
      6,
      7,
      13,
      5,
      4,
      1,
      12,
      0,
      8
    ]
  ],
  [
    3,
    4710,
    4372.8,
    [
      4,
      13,
      7,
      6,
      14,
      10,
      9,
      3,
      11,
      2,
      8,
      0,
      12,
      1,
      5
    ]
  ],
  [
    4,
    1260,
    4372.313,
    [
      7,
      4,
      3,
      10,
      14,
      11,
      0,
      13,
      9,
      2,
      8,
      5,
      6,
      1,
      12
    ]
  ],
  [
    4,
    2070,
    4366.506,
    [
      13,
      11,
      14,
      10,
      3,
      4,
      7,
      12,
      1,
      6,
      5,
      8,
      2,
      9,
      0
    ]
  ],
  [
    4,
    3015,
    4366.506,
    [
      10,
      14,
      11,
      13,
      0,
      9,
      2,
      8,
      5,
      6,
      1,
      12,
      7,
      4,
      3
    ]
  ],
  [
    4,
    4470,
    4366.506,
    [
      4,
      3,
      10,
      14,
      11,
      13,
      0,
      9,
      2,
      8,
      5,
      6,
      1,
      12,
      7
    ]
  ],
  [
    4,
    4815,
    4377.454,
    [
      6,
      1,
      12,
      7,
      4,
      3,
      10,
      14,
      11,
      13,
      0,
      9,
      2,
      5,
      8
    ]
  ],
  [
    5,
    1875,
    4795.227,
    [
      9,
      2,
      3,
      1,
      12,
      0,
      8,
      13,
      11,
      6,
      7,
      4,
      10,
      14,
      5
    ]
  ],
  [
    5,
    3420,
    4795.227,
    [
      1,
      12,
      0,
      8,
      13,
      11,
      6,
      7,
      4,
      10,
      14,
      5,
      9,
      2,
      3
    ]
  ],
  [
    5,
    4215,
    4844.883,
    [
      6,
      11,
      13,
      8,
      0,
      12,
      1,
      3,
      2,
      9,
      14,
      5,
      10,
      4,
      7
    ]
  ],
  [
    5,
    4785,
    4795.227,
    [
      5,
      9,
      2,
      3,
      1,
      12,
      0,
      8,
      13,
      11,
      6,
      7,
      4,
      10,
      14
    ]
  ],
  [
    5,
    4995,
    4795.227,
    [
      2,
      9,
      5,
      14,
      10,
      4,
      7,
      6,
      11,
      13,
      8,
      0,
      12,
      1,
      3
    ]
  ],
  [
    6,
    1215,
    4654.871,
    [
      14,
      1,
      5,
      7,
      13,
      8,
      3,
      2,
      9,
      0,
      12,
      6,
      10,
      4,
      11
    ]
  ],
  [
    6,
    2160,
    4654.871,
    [
      11,
      4,
      10,
      6,
      12,
      0,
      9,
      2,
      3,
      8,
      13,
      7,
      5,
      1,
      14
    ]
  ],
  [
    6,
    2265,
    4654.871,
    [
      8,
      13,
      7,
      5,
      1,
      14,
      11,
      4,
      10,
      6,
      12,
      0,
      9,
      2,
      3
    ]
  ],
  [
    6,
    2670,
    4654.871,
    [
      2,
      9,
      0,
      12,
      6,
      10,
      4,
      11,
      14,
      1,
      5,
      7,
      13,
      8,
      3
    ]
  ],
  [
    6,
    3195,
    4654.871,
    [
      12,
      0,
      9,
      2,
      3,
      8,
      13,
      7,
      5,
      1,
      14,
      11,
      4,
      10,
      6
    ]
  ],
  [
    7,
    735,
    4513.306,
    [
      3,
      8,
      0,
      9,
      6,
      2,
      12,
      7,
      5,
      11,
      4,
      1,
      13,
      10,
      14
    ]
  ],
  [
    7,
    2295,
    4513.306,
    [
      10,
      14,
      3,
      8,
      0,
      9,
      6,
      2,
      12,
      7,
      5,
      11,
      4,
      1,
      13
    ]
  ],
  [
    7,
    3000,
    4513.306,
    [
      8,
      3,
      14,
      10,
      13,
      1,
      4,
      11,
      5,
      7,
      12,
      2,
      6,
      9,
      0
    ]
  ],
  [
    7,
    3135,
    4513.306,
    [
      1,
      4,
      11,
      5,
      7,
      12,
      2,
      6,
      9,
      0,
      8,
      3,
      14,
      10,
      13
    ]
  ],
  [
    7,
    4560,
    4513.306,
    [
      8,
      0,
      9,
      6,
      2,
      12,
      7,
      5,
      11,
      4,
      1,
      13,
      10,
      14,
      3
    ]
  ],
  [
    8,
    1680,
    4783.609,
    [
      13,
      10,
      5,
      12,
      11,
      1,
      3,
      4,
      0,
      7,
      2,
      6,
      9,
      8,
      14
    ]
  ],
  [
    8,
    2865,
    4786.63,
    [
      0,
      7,
      2,
      6,
      9,
      8,
      14,
      13,
      10,
      5,
      12,
      1,
      11,
      3,
      4
    ]
  ],
  [
    8,
    3285,
    4783.609,
    [
      1,
      11,
      12,
      5,
      10,
      13,
      14,
      8,
      9,
      6,
      2,
      7,
      0,
      4,
      3
    ]
  ],
  [
    8,
    3900,
    4783.609,
    [
      4,
      3,
      1,
      11,
      12,
      5,
      10,
      13,
      14,
      8,
      9,
      6,
      2,
      7,
      0
    ]
  ],
  [
    8,
    4620,
    4855.426,
    [
      9,
      6,
      2,
      7,
      0,
      4,
      3,
      1,
      11,
      10,
      13,
      14,
      5,
      12,
      8
    ]
  ],
  [
    9,
    1530,
    4765.175,
    [
      13,
      2,
      14,
      6,
      4,
      10,
      11,
      0,
      5,
      7,
      9,
      8,
      3,
      12,
      1
    ]
  ],
  [
    9,
    2670,
    4765.175,
    [
      4,
      6,
      14,
      2,
      13,
      1,
      12,
      3,
      8,
      9,
      7,
      5,
      0,
      11,
      10
    ]
  ],
  [
    9,
    2805,
    4765.175,
    [
      11,
      0,
      5,
      7,
      9,
      8,
      3,
      12,
      1,
      13,
      2,
      14,
      6,
      4,
      10
    ]
  ],
  [
    9,
    4050,
    4776.19,
    [
      7,
      9,
      8,
      3,
      12,
      1,
      13,
      2,
      14,
      6,
      10,
      4,
      5,
      0,
      11
    ]
  ],
  [
    9,
    4530,
    4765.175,
    [
      8,
      3,
      12,
      1,
      13,
      2,
      14,
      6,
      4,
      10,
      11,
      0,
      5,
      7,
      9
    ]
  ],
  [
    10,
    1440,
    4518.211,
    [
      13,
      7,
      4,
      9,
      14,
      5,
      0,
      2,
      8,
      10,
      6,
      11,
      3,
      1,
      12
    ]
  ],
  [
    10,
    1755,
    4504.967,
    [
      5,
      14,
      9,
      7,
      4,
      13,
      12,
      1,
      3,
      11,
      6,
      10,
      8,
      2,
      0
    ]
  ],
  [
    10,
    1890,
    4506.558,
    [
      1,
      12,
      3,
      11,
      6,
      10,
      8,
      13,
      7,
      4,
      2,
      0,
      5,
      14,
      9
    ]
  ],
  [
    10,
    3270,
    4541.045,
    [
      10,
      8,
      2,
      0,
      5,
      9,
      14,
      7,
      4,
      13,
      12,
      1,
      3,
      11,
      6
    ]
  ],
  [
    10,
    3705,
    4506.558,
    [
      13,
      7,
      4,
      2,
      0,
      5,
      14,
      9,
      1,
      12,
      3,
      11,
      6,
      10,
      8
    ]
  ],
  [
    11,
    45,
    4543.451,
    [
      10,
      6,
      8,
      3,
      7,
      1,
      4,
      2,
      9,
      12,
      0,
      5,
      13,
      11,
      14
    ]
  ],
  [
    11,
    2235,
    4481.4,
    [
      1,
      7,
      3,
      6,
      8,
      10,
      14,
      11,
      13,
      5,
      9,
      12,
      2,
      0,
      4
    ]
  ],
  [
    11,
    2475,
    4468.934,
    [
      11,
      13,
      5,
      9,
      12,
      2,
      0,
      4,
      1,
      7,
      3,
      8,
      6,
      10,
      14
    ]
  ],
  [
    11,
    3330,
    4468.934,
    [
      12,
      9,
      5,
      13,
      11,
      14,
      10,
      6,
      8,
      3,
      7,
      1,
      4,
      0,
      2
    ]
  ],
  [
    11,
    4545,
    4517.569,
    [
      6,
      3,
      7,
      1,
      4,
      0,
      2,
      12,
      9,
      13,
      5,
      11,
      14,
      10,
      8
    ]
  ],
  [
    12,
    1155,
    4682.157,
    [
      9,
      4,
      3,
      12,
      13,
      11,
      5,
      0,
      14,
      10,
      2,
      6,
      1,
      7,
      8
    ]
  ],
  [
    12,
    1200,
    4683.78,
    [
      12,
      3,
      4,
      9,
      8,
      11,
      7,
      1,
      6,
      2,
      10,
      14,
      5,
      0,
      13
    ]
  ],
  [
    12,
    2130,
    4682.157,
    [
      5,
      0,
      14,
      10,
      2,
      6,
      1,
      7,
      8,
      9,
      4,
      3,
      12,
      13,
      11
    ]
  ],
  [
    12,
    2190,
    4683.78,
    [
      5,
      0,
      13,
      12,
      3,
      4,
      9,
      8,
      11,
      7,
      1,
      6,
      2,
      10,
      14
    ]
  ],
  [
    12,
    4755,
    4715.161,
    [
      8,
      9,
      4,
      3,
      12,
      13,
      10,
      14,
      0,
      5,
      11,
      2,
      6,
      1,
      7
    ]
  ],
  [
    13,
    390,
    4667.445,
    [
      4,
      6,
      13,
      9,
      10,
      0,
      14,
      11,
      1,
      5,
      8,
      3,
      2,
      7,
      12
    ]
  ],
  [
    13,
    1830,
    4667.445,
    [
      5,
      1,
      11,
      14,
      0,
      10,
      9,
      13,
      6,
      4,
      12,
      7,
      2,
      3,
      8
    ]
  ],
  [
    13,
    2160,
    4691.888,
    [
      14,
      11,
      1,
      5,
      3,
      8,
      2,
      7,
      12,
      4,
      6,
      13,
      9,
      10,
      0
    ]
  ],
  [
    13,
    2610,
    4667.445,
    [
      14,
      11,
      1,
      5,
      8,
      3,
      2,
      7,
      12,
      4,
      6,
      13,
      9,
      10,
      0
    ]
  ],
  [
    13,
    3855,
    4701.905,
    [
      12,
      4,
      0,
      14,
      7,
      2,
      3,
      8,
      5,
      1,
      11,
      10,
      9,
      13,
      6
    ]
  ],
  [
    14,
    1080,
    4640.911,
    [
      11,
      0,
      6,
      5,
      13,
      8,
      1,
      2,
      14,
      4,
      9,
      7,
      12,
      3,
      10
    ]
  ],
  [
    14,
    1785,
    4588.57,
    [
      1,
      8,
      13,
      5,
      6,
      0,
      10,
      11,
      3,
      12,
      9,
      7,
      4,
      14,
      2
    ]
  ],
  [
    14,
    1950,
    4588.57,
    [
      0,
      6,
      5,
      13,
      8,
      1,
      2,
      14,
      4,
      7,
      9,
      12,
      3,
      11,
      10
    ]
  ],
  [
    14,
    2850,
    4588.57,
    [
      3,
      12,
      9,
      7,
      4,
      14,
      2,
      1,
      8,
      13,
      5,
      6,
      0,
      10,
      11
    ]
  ],
  [
    14,
    3915,
    4588.57,
    [
      14,
      2,
      1,
      8,
      13,
      5,
      6,
      0,
      10,
      11,
      3,
      12,
      9,
      7,
      4
    ]
  ],
  [
    15,
    1230,
    4424.247,
    [
      5,
      4,
      12,
      7,
      2,
      0,
      3,
      13,
      11,
      6,
      10,
      9,
      1,
      8,
      14
    ]
  ],
  [
    15,
    1410,
    4424.247,
    [
      13,
      3,
      0,
      2,
      7,
      12,
      4,
      5,
      14,
      8,
      1,
      9,
      10,
      6,
      11
    ]
  ],
  [
    15,
    1980,
    4424.247,
    [
      4,
      12,
      7,
      2,
      0,
      3,
      13,
      11,
      6,
      10,
      9,
      1,
      8,
      14,
      5
    ]
  ],
  [
    15,
    2370,
    4424.247,
    [
      4,
      5,
      14,
      8,
      1,
      9,
      10,
      6,
      11,
      13,
      3,
      0,
      2,
      7,
      12
    ]
  ],
  [
    15,
    2550,
    4424.247,
    [
      8,
      1,
      9,
      10,
      6,
      11,
      13,
      3,
      0,
      2,
      7,
      12,
      4,
      5,
      14
    ]
  ],
  [
    16,
    1515,
    4709.27,
    [
      13,
      11,
      1,
      2,
      8,
      0,
      4,
      9,
      6,
      10,
      12,
      14,
      7,
      3,
      5
    ]
  ],
  [
    16,
    2235,
    4702.2,
    [
      1,
      11,
      5,
      13,
      3,
      7,
      14,
      12,
      10,
      6,
      9,
      4,
      0,
      8,
      2
    ]
  ],
  [
    16,
    2325,
    4709.27,
    [
      8,
      0,
      4,
      9,
      6,
      10,
      12,
      14,
      7,
      3,
      5,
      13,
      11,
      1,
      2
    ]
  ],
  [
    16,
    4725,
    4716.318,
    [
      11,
      13,
      1,
      2,
      8,
      0,
      4,
      9,
      6,
      10,
      12,
      14,
      7,
      3,
      5
    ]
  ],
  [
    16,
    4785,
    4702.2,
    [
      11,
      1,
      2,
      8,
      0,
      4,
      9,
      6,
      10,
      12,
      14,
      7,
      3,
      13,
      5
    ]
  ],
  [
    17,
    1290,
    4719.779,
    [
      3,
      11,
      10,
      9,
      7,
      1,
      14,
      6,
      2,
      12,
      13,
      5,
      0,
      8,
      4
    ]
  ],
  [
    17,
    1785,
    4750.879,
    [
      3,
      0,
      10,
      9,
      7,
      1,
      14,
      6,
      2,
      12,
      13,
      5,
      8,
      4,
      11
    ]
  ],
  [
    17,
    3540,
    4724.146,
    [
      13,
      12,
      2,
      6,
      14,
      1,
      7,
      9,
      10,
      0,
      11,
      3,
      4,
      8,
      5
    ]
  ],
  [
    17,
    4230,
    4801.633,
    [
      14,
      2,
      1,
      7,
      9,
      10,
      11,
      3,
      4,
      8,
      5,
      0,
      13,
      12,
      6
    ]
  ],
  [
    17,
    4590,
    4750.879,
    [
      10,
      9,
      7,
      1,
      14,
      6,
      2,
      12,
      13,
      5,
      8,
      4,
      11,
      3,
      0
    ]
  ],
  [
    18,
    525,
    4416.925,
    [
      2,
      7,
      13,
      12,
      0,
      9,
      5,
      3,
      6,
      8,
      10,
      4,
      1,
      14,
      11
    ]
  ],
  [
    18,
    1050,
    4416.925,
    [
      1,
      4,
      10,
      8,
      6,
      3,
      5,
      9,
      0,
      12,
      13,
      7,
      2,
      11,
      14
    ]
  ],
  [
    18,
    2700,
    4416.925,
    [
      5,
      3,
      6,
      8,
      10,
      4,
      1,
      14,
      11,
      2,
      7,
      13,
      12,
      0,
      9
    ]
  ],
  [
    18,
    3555,
    4416.925,
    [
      0,
      12,
      13,
      7,
      2,
      11,
      14,
      1,
      4,
      10,
      8,
      6,
      3,
      5,
      9
    ]
  ],
  [
    18,
    4455,
    4416.925,
    [
      5,
      9,
      0,
      12,
      13,
      7,
      2,
      11,
      14,
      1,
      4,
      10,
      8,
      6,
      3
    ]
  ],
  [
    19,
    1635,
    4545.052,
    [
      7,
      14,
      13,
      9,
      11,
      0,
      5,
      1,
      2,
      4,
      6,
      10,
      12,
      3,
      8
    ]
  ],
  [
    19,
    3270,
    4583.87,
    [
      3,
      8,
      7,
      14,
      13,
      9,
      11,
      1,
      2,
      5,
      0,
      10,
      6,
      4,
      12
    ]
  ],
  [
    19,
    3675,
    4545.052,
    [
      11,
      0,
      5,
      1,
      2,
      4,
      6,
      10,
      12,
      3,
      8,
      7,
      14,
      13,
      9
    ]
  ],
  [
    19,
    3870,
    4535.25,
    [
      12,
      10,
      6,
      4,
      2,
      5,
      0,
      1,
      11,
      9,
      13,
      14,
      7,
      8,
      3
    ]
  ],
  [
    19,
    3900,
    4545.052,
    [
      1,
      2,
      4,
      6,
      10,
      12,
      3,
      8,
      7,
      14,
      13,
      9,
      11,
      0,
      5
    ]
  ],
  [
    20,
    1320,
    4778.952,
    [
      14,
      8,
      11,
      7,
      5,
      3,
      1,
      13,
      0,
      9,
      2,
      12,
      4,
      10,
      6
    ]
  ],
  [
    20,
    1845,
    4790.155,
    [
      8,
      11,
      7,
      5,
      3,
      1,
      13,
      0,
      9,
      2,
      12,
      4,
      6,
      10,
      14
    ]
  ],
  [
    20,
    2910,
    4787.791,
    [
      6,
      10,
      14,
      8,
      11,
      7,
      5,
      3,
      1,
      13,
      0,
      9,
      12,
      2,
      4
    ]
  ],
  [
    20,
    3870,
    4776.589,
    [
      11,
      8,
      14,
      6,
      10,
      4,
      2,
      12,
      9,
      0,
      13,
      1,
      3,
      5,
      7
    ]
  ],
  [
    20,
    4395,
    4787.791,
    [
      14,
      10,
      6,
      4,
      2,
      12,
      9,
      0,
      13,
      1,
      3,
      5,
      7,
      11,
      8
    ]
  ]
]